Bells of St Mary's (Whitchurch)
3 8 3 1 12
1
3
5
7
2
4
6
8
5
7
9
11
6
8
10
12
-
-
-
-
-
-
-
-

1
5
3
7
2
6
4
8
5
9
7
11
6
10
8
12
-
-
-
-
-
-
-
-

3
1
7
5 
4
2
8
6
7
5
11
9
8
6
10
12
-
-
-
-
-
-
-
-

8
5
5 8 10 12
11
10
5 8 10
8
7 9
4 7 9 11
6 8 9
5
5 8 10 12
7 
8
1 4 6
10
9
2 5 7
8 
10
1 3 5
12
2 6 8 11
-
8
5
5 8 10 12
1 4 6 8
!2
3 5 8
3 5 8 12
8
7
2 5 7 9
1 6 8
!2
3 5
5 8 10 12
8
5 8 10 12
6
7 9 12
8
5 8 10
1 6
!2 7
3 8
!5 8 10
4 6 8 9
-
5 8 10 12
-

/1
\2
/3
\4
/5
\6
/7
\8
/9
\10
/11
\12
/1
\2
/3
\4
5
1 6
2 7
3 8
-
4 8
-
1 5 10
-
2 6 8 11
-
3 5 8 12

