Grandfather's Clock
4 8 4 1 12

-
-
8
8

5 10 12
-
6
5

4 6 8
-
5
4

3 6 12
-
2
3

7 9
-
4
4

5 8 10
-
5
5

6 8 11
-
7
6

5 8 10
-
-
-

-
-
8
8

5 12
8
6 10
5 8

4 11
6
5 8
4 6

3 12
6
2 8
3 6

7
9
4 11
4 9

5
8
5 10
5 8

6 11
8
7 9
6 8

5 10
8
7
8

12
-
5
3

1 12
8
3 10
4 8

5 12
8
6 10
5 8

4 11
5 7
6 9
7 11

8
9
5 10
3 11

1 12
8
3 10
4 8

5 12
8
6 10
5 8

4 11
7
9
7

8
-
8
8

5
-
8 10 12
-

4
-
6 8 11
-

3
3
!3
2 6 8 12
3

7
-
4 7 9
4

5
8
10
12

6
8
9
11

5 12
10
8
10

12
-
8
8

5
-
8 10
8 10

7 9
8 10
8 10
-

10 12
8
8 10
-

10 12
8
8 10
8

5
-
8 10
8 10

7 9
8 10
8 10
-
10 12
8
8 10
-

10 12
8
8 10
8

5
-
8 10 12
-

4
-
6 8 11
-

3
3
!3
2 6 8 12
3

7
-
4 7 9
4

5
8
10
12

6
8
9
11

5 8 10 12
-
-
-