Jingle Bells
4 8 3 1 12
8 12
3
4 10
5

8 12
-
10
8

8 12
3
4 10
5

7 9 12
-
9
7

7 9 12
2
3 9
4

6 11
8 9
8
4 6

1 11
2 8
4 7
4 6

3 5 12
6
7
8

8 12
3
4 10
5

8 12
-
10
8

8 12
3
4 10
5

7 9 12
-
9
7

7 9 12
2 4
3 5 9
4 6

1 8
1 4 9
1 8 10
1 6 11

1 8
1 4 9
2 7 11
4 6 8

5 10 12
8
1 2 4 6
-

3 5 12
3 5
3 5 10
8

3 5 12
3 5
3 5 10
8

3 5 12
1 6 10
5 7 9
4 6 8

3 5 10
11
12
10

2 6 8
2 4 9
2 8 10
2 6 11

2 5 8 12
3 6
3 7 9
3 8 10

3 7 9
4 11
4 7 10
3 9

4 6 8
7 9
1 8 10
9 11

3 5 12
3 5 
3 5 10
8

3 5 12
3 5 
3 5 10
8

3 5 12
1 6 10
5 7 9
4 6 8

3 5 10
11
12
10

2 6 8
2 4 9
2 8 10
2 6 11

2 5 7 12
3 6 8
3 7 9
3 8 10

1 6 8
1 4 9
2 7 11
4 6 8

5 10 12
8
5 10 12
-