Theme from the Ninth Symphony
4 8 4 2 16

4 6 9 11 13
4 6 9 14
3 5 8 10 12 15
2 4 6 9 11 16

2 5 7 9 12 14 16
3 5 7 9 10
4 6 9 11 13
5 7 9 10 12 14

6 9 11 13
6 9 11 14
5 8 10 12 15
4 6 9 11 16

4 6 9 11 13
!4
5 16
5 7 9 12 14
16

#####

4 6 9 11 13
6 9 14
3 5 8 10 12 15
2 4 6 9 11 16

2 5 7 9 12 14 16
3 5 7 9 10
4 6 9 11 13
5 7 9 10 12 14

6 9 11 13
6 9 11 14
5 9 10 12 15
4 6 9 11 16

5 7 9 10 12 14
5 7 9 10 12 16
!6
6 9 11 13
!4 6
5 7 9 11
!6 8

#####

5 7 9 14
5 12 16
4 9 13
6 11 16

5 7 9 14
4 7 9 12 16
!3
4 9 13
6 11 16

5 7 9 14
4 7 9 12 16
!3
4 7 9# 11 14
5 7 9# 12 16#

6 8 11 13
5 8 9 10# 12 15
2 5 7 9 10 12 16
4 6 9 11 13 16

#####

4 6 9 11 13
6 9 11
3 5 8 10 12 15
3 4 6 9 11 16

2 6 8 10 13 15
3 5 8 10 15
4 6
5 8 10 12 13 15

6 9 11 13 16
6 9 11 14
5 8 10 12 15
4 6 9 11 13 16

5 7 9 10 12 14
5 7 9 10 12 16
!6
6 9 11 13
16

#####

3 6 8 10
12
13
15

2 4 6 9 11 13
-
-
-
2 4 6 9 11 13
