Once in Royal David's City
4 8 3 0 12

8 10 12
-
6 9 11
-

5 8 10
-
12
5

5 8 10
6 11
5 10
4 9

4 6 9
8
5 10
-

5 8 10 12
-
3 7 12
-

1 5 10
-
12
3 5 8

3 7 9
4
5 8 10
6 11

5 10
-
-
-

8 10
-
6 11
-

5 12
-
10
5 8

5 9
6
5 11
4

4 6 8
9
5 10
11

5 8 10 12
-
3 7 12
-

1 5 10
-
12
3 5 8

3 7 9
4
5 8 10
6 11

5 10
-
12
10

0 7 9
8
0 5 7
6

1 5 10 12
6 9 11
5 10
5 12

2 5 8 11
-
2 6 8 11
-

3 5 8 10
-
3 5 8 10
6

0 7 9
6 8
0 5 7
4 6

1 3 5 12
6 11
5 10
3 8 12

3 7 9
4
5 8 10
6 11

5 8 10 12
-
5 8 10 12
-