Puff The Magic Dragon
4 8 4 1 12

5
5
5
5

6
-
8
-

7
-
5
5

8
-
-
8

9
9
8
9

10
8
5
/5
\5

5
7
6
5

4
-
-
-

#end of first line

5
5
5
5

6
-
8
-

7
7
5
5

8
-
-
8

9
9
8
9

10
8
5
5

7
5
6
4

5
-
6 8
-

#end of second line

5 12
5
5 10
5

6 8
-
8 10
-

7 9
-
5 7
5

8 10
-
12
8

9 11
9
8 11
9

10 12
8
5 10
/5
\5

5 11
7
6 11
5

4 8
9
10
11

#end of third line

5 12
5
5 10
5

6 8
- 
8 10
- 

7 9
-
5 7
5

8 10
-
12
8

9 11
9
8 11
9

10 12
8
5 10
/5
\5

7 9
5
6 8
4

5 10
-
-
-

#end of fourth line

5 12
5 11
5 10
5 9

6 8
9
8 10
12

7 9
10
5 9
5 7

8 10
11
10
8 12

9 11
9
8 11
9 11

10 12
8 11
5 10
/5
\5

5 11
7
6 11
5 11

4 8
9
10
11

#end of fifth line

5 12
5 11
5 10
5 9

6 8
9
8 10
12

7 9
7 9
5 7
5 7

8 10
11
10
8 12

9 11
9
8 11
9 11

10 12
8 10
5 7
5 8

7 9
5 11
6 8
4 9

5 10
-
6 8
- 

#end of sixth line

5 12
5
1 3 5
5

6 10
-
1 3 8
-

7 9
-
2 5 7
5

8 12
-
3 5
8

9 11
9
1 6 8
9

10 12
8
1 3 5
/5
\5

5 11
7
4 6 7
5

4 8
-
2 6
-

#end of seventh line

5 10 12
5 9 11
5 8 10
5

6 8
9
8 10
-

7 9
8 10
5 9 11
5

8 10
9 11
10 12
1

2 4 8
2 5 8
1 6 8
2

3 5 8 12
1
5 7
/5
\5

7 9
8 10
5 9 11
-

6 8
9
4 8 11
9 11

#end of eighth line

5 10 12
-
8
-

10 12
-
-
-



